Pesticide Water Calculator (PWC), Version 1.59

1
True
6040,,,
91.2,,,
25,,,
202.7,,,
25,,,
29.6,,,
40,,,
0,,,
170.6,,,
25,
35,,,
350.57,,,
1.87E-05,,,
1.4,,,
0,0,
0,0,
0,0,
0,0,
0,0,
0,0,
0.0,,,
0.000252,,,
98000,,,
2
4
,,,,,,,,,,,,,,,,,,,,,,,,,,,,,,,,,,,,,,,,,,,,,,,,,,
,,,,,,,,,,,,,,,,,,,,,,,,,,,,,,,,,,,,,,,,,,,,,,,,,,
1,1,1,1,,,,,,,,,,,,,,,,,,,,,,,,,,,,,,,,,,,,,,,,,,,,,,,
False
1972,,,,,,,,,,,,,,,,,,,,,,,,,,,,,,,,,,,,,,,,,,,,,,,,,,
2,2,2,2,,,,,,,,,,,,,,,,,,,,,,,,,,,,,,,,,,,,,,,,,,,,,,,
0.99,0.99,0.99,0.99,,,,,,,,,,,,,,,,,,,,,,,,,,,,,,,,,,,,,,,,,,,,,,,
0.06,0.06,0.06,0.06,,,,,,,,,,,,,,,,,,,,,,,,,,,,,,,,,,,,,,,,,,,,,,,
0.99,0.99,0.99,0.99,,,,,,,,,,,,,,,,,,,,,,,,,,,,,,,,,,,,,,,,,,,,,,,
0.06,0.06,0.06,0.06,,,,,,,,,,,,,,,,,,,,,,,,,,,,,,,,,,,,,,,,,,,,,,,
0.99,0.99,0.99,0.99,,,,,,,,,,,,,,,,,,,,,,,,,,,,,,,,,,,,,,,,,,,,,,,
0.06,0.06,0.06,0.06,,,,,,,,,,,,,,,,,,,,,,,,,,,,,,,,,,,,,,,,,,,,,,,
4,,,,,,,,,,,,,,,,,,,,,,,,,,,,,,,,,,,,,,,,,,,,,,,,,,
1,10,20,30,,,,,,,,,,,,,,,,,,,,,,,,,,,,,,,,,,,,,,,,,,,,,,,
False, 1
,,,,,,,,,,,,,,,,,,,,,,,,,,,,,,,,,,,,,,,,,,,,,,,,,,
,
,
,
ILalfalfaNMC
E:\Research\NewWeatherFiles\20737_grid.wea
40
True,True,True,False,False,False,False
False,30,1,
False
92175
1745.45
4.0
4.5
1E-08
False,0.5
0.05
0.5
1.35
0.04
5
0.006
1.19
30
0.005
0.04
5
0.4
False
1.0,1.0

******** start of PRZM information ******************
True,False,False,
1
False,
1,6,25,8,30,8,152,100,50,0.25,1,1,0
,,,,,,,,,,1,1,0
,,,,,,,,,,1,1,0
,,,,,,,,,,1,1,0
,,,,,,,,,,1,1,0
,,,,,,,,,,1,1,0
,,,,,,,,,,1,1,0
,,,
,,,
0.77,0.36,17.5
*** irrigation information start ***
0
,,
False,
*** spare line for expansion
*** spare line for expansion
*** Soil Information ***
0.294,1,1
1,0.09,3500
*** Horizon Info *******
5
23,15,15,41,60,
1.55,1.55,1.58,1.62,1.7,
0.3,0.3,0.3,0.3,0.3,
0.15,0.17,0.05,0.05,0.11,
0.435,0.145,0.145,0.168,0.145,
100,7,60,60,60,
,,,,,
,,,,,
*** Horizon End, Temperature Start ********
,
False
***spare line for expansion
***spare line for expansion
*** Erosion & Curve Number Info **********
26
1,15,16,1,16,1,16,1,16,1,16,1,16,1,16,1,16,1,16,1,15,16,1,16,1,16,,,,,,,,,,,,,,,,,,,,,,,,,,,
6,6,6,7,7,8,8,9,9,10,10,11,11,12,12,1,1,2,2,3,3,3,4,4,5,5,,,,,,,,,,,,,,,,,,,,,,,,,,,
85,85,85,85,85,85,85,87,87,87,87,87,87,87,87,87,87,87,87,87,87,87,87,87,87,87,,,,,,,,,,,,,,,,,,,,,,,,,,,
.002,.007,.006,.003,.001,.005,.003,.003,.005,.009,.013,.014,.014,.015,.015,.015,.015,.015,.016,.016,.018,.012,.006,.002,.007,.004,,,,,,,,,,,,,,,,,,,,,,,,,,,
.110,.110,.110,.110,.110,.110,.110,.110,.110,.110,.110,.110,.110,.110,.110,.110,.110,.110,.110,.110,.110,.110,.110,.110,.110,.110,,,,,,,,,,,,,,,,,,,,,,,,,,,
2.0,1.55,0.266,
0.1,0,1.0,
False
,,,,,,,,,,,,,,,,,,,,,,,,,,,,,,,,,,,,,,,,,,,,,,,,,,,,
5.0